[128.438416 9.000000 497.612274] 10.000000 1.000000 @os2022bgsxobj/js/pyro/startflames.seq
[137.961914 9.000000 506.996399] 10.000000 1.000000 @os2022bgsxobj/js/pyro/startflames2.seq
[153.301193 9.000000 522.226196] 10.000000 1.000000 @os2022bgsxobj/js/pyro/startflames.seq
[162.861298 9.000000 531.605957] 10.000000 1.000000 @os2022bgsxobj/js/pyro/startflames2.seq
[168.705368 9.000000 537.329834] 10.000000 1.000000 @os2022bgsxobj/js/pyro/startflames2.seq
[178.207001 9.000000 546.702881] 10.000000 1.000000 @os2022bgsxobj/js/pyro/startflames.seq
[203.094864 9.000000 571.254089] 10.000000 1.000000 @os2022bgsxobj/js/pyro/startflames.seq
[193.566559 9.000000 561.846985] 10.000000 1.000000 @os2022bgsxobj/js/pyro/startflames2.seq
[315.363922 7.250000 283.171173] 25.000000 0.500000 @os2022bgsxobj/js/pyro/holeshotflames.seq
[323.246948 7.250000 291.764801] 25.000000 0.500000 @os2022bgsxobj/js/pyro/holeshotflames.seq
[459.547089 20.500000 361.974976] 45.000000 1.000000 @os2022bgsxobj/js/pyro/finishflames.seq
[459.601410 20.500000 395.998230] 45.000000 1.000000 @os2022bgsxobj/js/pyro/finishflames2.seq
[128.438416 7.500000 497.612274] 35.000000 0.750000 @os2022bgsxobj/js/pyro/holeshotflames.seq
[137.961914 7.500000 506.996399] 35.000000 0.750000 @os2022bgsxobj/js/pyro/holeshotflames.seq
[153.301193 7.500000 522.226196] 35.000000 0.750000 @os2022bgsxobj/js/pyro/holeshotflames.seq
[162.861298 7.500000 531.605957] 35.000000 0.750000 @os2022bgsxobj/js/pyro/holeshotflames.seq
[168.705368 7.500000 537.329834] 35.000000 0.750000 @os2022bgsxobj/js/pyro/holeshotflames.seq
[178.207001 7.500000 546.702881] 35.000000 0.750000 @os2022bgsxobj/js/pyro/holeshotflames.seq
[203.094864 7.500000 571.254089] 35.000000 0.750000 @os2022bgsxobj/js/pyro/holeshotflames.seq
[193.566559 7.500000 561.846985] 35.000000 0.750000 @os2022bgsxobj/js/pyro/holeshotflames.seq
[434.623352 0.000000 609.212158] 7.000000 1.000000 @os2022bgsxobj/billboards/crowd/blue.png
[277.054840 0.000000 664.789612] 7.000000 1.000000 @os2022bgsxobj/billboards/crowd/blue.png
[591.977905 0.000000 4.868668] 7.000000 1.000000 @os2022bgsxobj/billboards/crowd/blue.png
[383.139435 0.000000 69.890823] 7.000000 1.000000 @os2022bgsxobj/billboards/crowd/blue.png
[451.999664 0.000000 67.633072] 6.000000 1.000000 @os2022bgsxobj/billboards/crowd/yello.png
[677.545044 0.000000 348.944153] 6.000000 1.000000 @os2022bgsxobj/billboards/crowd/yello.png
[409.102936 0.000000 623.933716] 6.000000 1.000000 @os2022bgsxobj/billboards/crowd/yello.png
[106.569405 0.000000 185.485703] 6.000000 1.000000 @os2022bgsxobj/billboards/crowd/yello.png
[365.523010 0.000000 246.985977] 7.000000 1.000000 @os2022bgsxobj/billboards/crowd/tw1.png
[575.941895 0.000000 436.859406] 7.000000 1.000000 @os2022bgsxobj/billboards/crowd/tw1.png
[512.951416 0.000000 258.048859] 7.000000 1.000000 @os2022bgsxobj/billboards/crowd/tw1.png
[342.494080 0.000000 304.783661] 7.000000 1.000000 @os2022bgsxobj/billboards/crowd/tw2.png
[609.807251 0.000000 481.336639] 7.000000 1.000000 @os2022bgsxobj/billboards/crowd/tw2.png
[581.585693 0.000000 211.088379] 7.000000 1.000000 @os2022bgsxobj/billboards/crowd/tw2.png
[562.847107 0.000000 130.939499] 7.000000 1.000000 @os2022bgsxobj/billboards/crowd/tw2.png
[75.181107 0.000000 434.601837] 7.000000 1.000000 @os2022bgsxobj/billboards/crowd/tw2.png
[473.893005 0.000000 211.765152] 7.000000 1.000000 @os2022bgsxobj/billboards/crowd/tw3.png
[583.617554 0.000000 323.973297] 7.000000 1.000000 @os2022bgsxobj/billboards/crowd/tw3.png
[391.260223 0.000000 566.451233] 7.000000 1.000000 @os2022bgsxobj/billboards/crowd/tw3.png
[451.541595 0.000000 313.813293] 7.000000 1.000000 @os2022bgsxobj/billboards/crowd/tw3.png
[241.122833 0.000000 536.423096] 7.000000 1.000000 @os2022bgsxobj/billboards/crowd/tw3.png
[643.721558 0.000000 184.575241] 7.000000 1.000000 @os2022bgsxobj/billboards/crowd/rogan2.png
[538.994446 0.000000 577.619873] 7.000000 1.000000 @os2022bgsxobj/billboards/crowd/rogan2.png
[663.836609 0.000000 478.799805] 7.000000 1.000000 @os2022bgsxobj/billboards/crowd/rogan2.png
[304.605988 0.000000 575.678223] 7.000000 1.000000 @os2022bgsxobj/billboards/crowd/rogan2.png
[201.202713 0.000000 595.320374] 7.000000 1.000000 @os2022bgsxobj/billboards/crowd/rogan2.png
[56.482754 0.000000 322.138458] 7.000000 1.000000 @os2022bgsxobj/billboards/crowd/rogan.png
[463.322723 0.000000 578.162842] 7.000000 1.000000 @os2022bgsxobj/billboards/crowd/rogan.png
[274.854248 0.000000 566.745239] 7.000000 1.000000 @os2022bgsxobj/billboards/crowd/g6.png
[647.158630 0.000000 235.677475] 7.000000 1.000000 @os2022bgsxobj/billboards/crowd/g6.png
[297.696411 0.000000 86.552536] 8.000000 1.000000 @os2022bgsxobj/billboards/crowd/g5.png
[336.123718 0.000000 105.470917] 7.000000 2.000000 @os2022bgsxobj/billboards/crowd/g1.png
[352.688538 0.000000 82.488457] 7.000000 2.000000 @os2022bgsxobj/billboards/crowd/g1.png
[646.397156 0.000000 472.727448] 7.000000 2.000000 @os2022bgsxobj/billboards/crowd/g1.png
[639.692261 0.000000 545.525330] 7.000000 2.000000 @os2022bgsxobj/billboards/crowd/g1.png
[55.074295 0.000000 468.577118] 7.000000 2.000000 @os2022bgsxobj/billboards/crowd/g1.png
[320.722992 0.000000 106.184471] 9.000000 1.000000 @os2022bgsxobj/billboards/crowd/g2.png
[579.666199 0.000000 117.678902] 9.000000 1.000000 @os2022bgsxobj/billboards/crowd/g2.png
[631.390869 0.000000 153.758606] 9.000000 1.000000 @os2022bgsxobj/billboards/crowd/g2.png
[656.295410 0.000000 148.011414] 9.000000 1.000000 @os2022bgsxobj/billboards/crowd/g2.png
[666.831848 0.000000 366.405090] 9.000000 1.000000 @os2022bgsxobj/billboards/crowd/g2.png
[543.963196 0.000000 105.240036] 7.000000 2.000000 @os2022bgsxobj/billboards/crowd/g3.png
[368.763245 0.000000 600.746643] 7.000000 2.000000 @os2022bgsxobj/billboards/crowd/g3.png
[359.717834 0.000000 106.078857] 7.000000 2.000000 @os2022bgsxobj/billboards/crowd/g3.png
[282.115112 0.000000 98.847496] 9.000000 1.000000 @os2022bgsxobj/billboards/crowd/g2.png
[613.852600 0.000000 123.351700] 9.000000 1.000000 @os2022bgsxobj/billboards/crowd/g2.png
[660.022766 0.000000 378.473236] 9.000000 1.000000 @os2022bgsxobj/billboards/crowd/g2.png
[610.691040 0.000000 590.134521] 9.000000 1.000000 @os2022bgsxobj/billboards/crowd/g2.png
[293.369507 0.000000 587.876770] 9.000000 1.000000 @os2022bgsxobj/billboards/crowd/g2.png
[266.389832 0.000000 581.781189] 9.000000 1.000000 @os2022bgsxobj/billboards/crowd/g2.png
[53.374565 0.000000 289.633759] 9.000000 1.000000 @os2022bgsxobj/billboards/crowd/g2.png
[498.841309 0.000000 587.888672] 7.000000 1.000000 @os2022bgsxobj/billboards/crowd/dude.png
[259.975098 0.000000 605.047302] 7.000000 1.000000 @os2022bgsxobj/billboards/crowd/dude.png
[214.369370 0.000000 624.915222] 7.000000 1.000000 @os2022bgsxobj/billboards/crowd/dude.png
[630.014160 0.000000 576.825317] 7.000000 1.000000 @os2022bgsxobj/billboards/crowd/dude.png
[645.140625 0.000000 504.804718] 7.000000 1.000000 @os2022bgsxobj/billboards/crowd/dude.png
[660.492493 0.000000 223.042358] 7.000000 1.000000 @os2022bgsxobj/billboards/crowd/dude.png
[440.592316 0.000000 107.898972] 7.000000 1.000000 @os2022bgsxobj/billboards/crowd/dude.png
[269.006134 0.000000 117.155556] 7.000000 1.000000 @os2022bgsxobj/billboards/crowd/dude.png
[219.562180 0.000000 157.342880] 7.000000 1.000000 @os2022bgsxobj/billboards/crowd/dude.png
[148.444244 0.000000 231.847412] 7.000000 1.000000 @os2022bgsxobj/billboards/crowd/dude.png
[224.281937 0.000000 149.262192] 7.000000 1.000000 @os2022bgsxobj/billboards/crowd/dude.png
[433.365540 0.000000 106.958748] 7.000000 1.000000 @os2022bgsxobj/billboards/crowd/9.png
[77.211456 0.000000 303.944031] 7.000000 1.000000 @os2022bgsxobj/billboards/crowd/9.png
[29.347925 0.000000 336.003479] 7.000000 1.000000 @os2022bgsxobj/billboards/crowd/9.png
[28.331955 0.000000 352.710571] 7.000000 1.000000 @os2022bgsxobj/billboards/crowd/9.png
[18.510902 0.000000 368.627472] 7.000000 1.000000 @os2022bgsxobj/billboards/crowd/9.png
[268.933441 0.000000 560.605164] 7.000000 1.000000 @os2022bgsxobj/billboards/crowd/9.png
[372.449585 0.000000 589.052490] 7.000000 1.000000 @os2022bgsxobj/billboards/crowd/9.png
[508.138062 0.000000 575.505859] 7.000000 1.000000 @os2022bgsxobj/billboards/crowd/9.png
[620.233704 0.000000 566.587585] 7.000000 1.000000 @os2022bgsxobj/billboards/crowd/9.png
[672.952820 0.000000 337.316681] 7.000000 1.000000 @os2022bgsxobj/billboards/crowd/9.png
[646.876282 0.000000 322.867432] 7.000000 1.000000 @os2022bgsxobj/billboards/crowd/9.png
[645.860168 0.000000 245.766541] 7.000000 1.000000 @os2022bgsxobj/billboards/crowd/9.png
[628.814636 0.000000 139.767090] 7.000000 1.000000 @os2022bgsxobj/billboards/crowd/9.png
[459.147369 0.000000 109.965332] 7.000000 1.000000 @os2022bgsxobj/billboards/crowd/9.png
[353.537384 0.000000 599.270325] 7.000000 1.000000 @os2022bgsxobj/billboards/crowd/8.png
[453.155487 0.000000 576.441162] 7.000000 1.000000 @os2022bgsxobj/billboards/crowd/8.png
[642.653625 0.000000 539.084412] 7.000000 1.000000 @os2022bgsxobj/billboards/crowd/8.png
[644.569397 0.000000 492.947083] 7.000000 1.000000 @os2022bgsxobj/billboards/crowd/8.png
[604.019897 0.000000 126.722900] 7.000000 1.000000 @os2022bgsxobj/billboards/crowd/8.png
[149.671799 0.000000 211.813370] 7.000000 1.000000 @os2022bgsxobj/billboards/crowd/8.png
[44.146820 0.000000 334.899109] 7.000000 1.000000 @os2022bgsxobj/billboards/crowd/8.png
[53.725483 0.000000 458.304382] 7.000000 1.000000 @os2022bgsxobj/billboards/crowd/8.png
[595.715515 0.000000 108.560646] 7.500000 1.000000 @os2022bgsxobj/billboards/crowd/7.png
[445.903198 0.000000 104.497314] 7.500000 1.000000 @os2022bgsxobj/billboards/crowd/7.png
[285.831329 0.000000 106.303474] 7.500000 1.000000 @os2022bgsxobj/billboards/crowd/7.png
[244.289444 0.000000 123.349205] 7.500000 1.000000 @os2022bgsxobj/billboards/crowd/7.png
[212.681473 0.000000 159.246826] 7.500000 1.000000 @os2022bgsxobj/billboards/crowd/7.png
[289.208038 0.000000 578.784302] 7.500000 1.000000 @os2022bgsxobj/billboards/crowd/7.png
[359.691132 0.000000 576.469482] 7.500000 1.000000 @os2022bgsxobj/billboards/crowd/7.png
[488.763794 0.000000 595.946228] 7.500000 1.000000 @os2022bgsxobj/billboards/crowd/7.png
[603.816833 0.000000 587.358154] 7.500000 1.000000 @os2022bgsxobj/billboards/crowd/7.png
[646.939270 0.000000 315.755524] 7.500000 1.000000 @os2022bgsxobj/billboards/crowd/7.png
[67.925598 9.000000 266.294281] 8.000000 1.000000 @os2022bgsxobj/billboards/crowd/g5.png
[71.092232 9.000000 263.127655] 6.000000 1.000000 @os2022bgsxobj/billboards/crowd/1.png
[74.367287 9.000000 259.852631] 7.000000 1.000000 @os2022bgsxobj/billboards/crowd/rogan.png
[87.722443 9.000000 246.497498] 6.000000 1.000000 @os2022bgsxobj/billboards/crowd/5.png
[91.084610 9.000000 243.135345] 6.000000 1.000000 @os2022bgsxobj/billboards/crowd/6.png
[95.435608 9.000000 238.784348] 7.000000 1.000000 @os2022bgsxobj/billboards/crowd/dude.png
[99.665436 9.000000 234.554535] 7.000000 2.000000 @os2022bgsxobj/billboards/crowd/g1.png
[71.136581 7.750000 267.247742] 6.000000 1.000000 @os2022bgsxobj/billboards/crowd/5.png
[74.741684 7.750000 263.642670] 7.000000 1.000000 @os2022bgsxobj/billboards/crowd/8.png
[91.171013 7.750000 247.213364] 6.000000 1.000000 @os2022bgsxobj/billboards/crowd/2.png
[103.761902 7.750000 234.622513] 8.000000 1.000000 @os2022bgsxobj/billboards/crowd/g5.png
[113.439987 7.750000 224.944458] 7.000000 1.000000 @os2022bgsxobj/billboards/crowd/dude.png
[71.082649 6.750000 271.466125] 6.000000 1.000000 @os2022bgsxobj/billboards/crowd/3.png
[74.104889 6.750000 268.443909] 7.000000 1.000000 @os2022bgsxobj/billboards/crowd/g6.png
[84.517586 6.750000 258.031219] 6.000000 1.000000 @os2022bgsxobj/billboards/crowd/2.png
[114.558502 6.750000 227.990372] 6.000000 1.000000 @os2022bgsxobj/billboards/crowd/2.png
[116.507347 5.500000 230.205978] 9.000000 1.000000 @os2022bgsxobj/billboards/crowd/g2.png
[76.077629 4.250000 274.800049] 7.000000 1.000000 @os2022bgsxobj/billboards/crowd/9.png
[90.561501 4.250000 260.316193] 8.000000 1.000000 @os2022bgsxobj/billboards/crowd/g5.png
[78.907906 3.000000 276.134216] 7.000000 2.000000 @os2022bgsxobj/billboards/crowd/g1.png
[89.945808 3.000000 265.096313] 7.000000 1.000000 @os2022bgsxobj/billboards/crowd/g6.png
[109.137405 3.000000 245.904770] 7.000000 1.000000 @os2022bgsxobj/billboards/crowd/dude.png
[80.675285 1.750000 278.531281] 7.000000 1.000000 @os2022bgsxobj/billboards/crowd/g6.png
[83.589569 1.750000 275.617004] 6.000000 1.000000 @os2022bgsxobj/billboards/crowd/2.png
[108.646233 1.750000 250.560379] 7.000000 1.000000 @os2022bgsxobj/billboards/crowd/rogan2.png
[112.568008 1.750000 246.638626] 7.000000 1.000000 @os2022bgsxobj/billboards/crowd/9.png
[124.888344 1.750000 234.318314] 6.000000 1.000000 @os2022bgsxobj/billboards/crowd/3.png
[81.189796 0.500000 282.181183] 7.000000 1.000000 @os2022bgsxobj/billboards/crowd/g6.png
[84.498215 0.500000 278.872772] 7.500000 1.000000 @os2022bgsxobj/billboards/crowd/7.png
[106.412437 0.500000 256.958618] 6.000000 1.000000 @os2022bgsxobj/billboards/crowd/2.png
[112.505791 0.500000 250.865265] 7.000000 1.000000 @os2022bgsxobj/billboards/crowd/8.png
[369.006195 9.000000 79.969872] 6.000000 1.000000 @os2022bgsxobj/billboards/crowd/3.png
[373.180817 9.000000 79.969872] 6.000000 1.000000 @os2022bgsxobj/billboards/crowd/3.png
[390.452118 9.000000 79.969872] 6.000000 1.000000 @os2022bgsxobj/billboards/crowd/5.png
[395.034149 9.000000 79.969872] 7.000000 1.000000 @os2022bgsxobj/billboards/crowd/rogan.png
[371.431580 7.750000 82.914581] 7.000000 1.000000 @os2022bgsxobj/billboards/crowd/rogan.png
[410.041595 7.750000 82.914581] 7.000000 1.000000 @os2022bgsxobj/billboards/crowd/rogan.png
[423.373779 7.750000 82.914581] 8.000000 1.000000 @os2022bgsxobj/billboards/crowd/g5.png
[372.187134 6.750000 85.859283] 7.000000 1.000000 @os2022bgsxobj/billboards/crowd/rogan.png
[389.314453 6.750000 85.859283] 6.000000 1.000000 @os2022bgsxobj/billboards/crowd/4.png
[410.580231 6.750000 85.859283] 7.000000 1.000000 @os2022bgsxobj/billboards/crowd/8.png
[414.996948 6.750000 85.859283] 7.000000 2.000000 @os2022bgsxobj/billboards/crowd/g1.png
[369.616760 5.500000 88.803993] 7.000000 1.000000 @os2022bgsxobj/billboards/crowd/9.png
[388.618408 5.500000 88.803993] 7.000000 2.000000 @os2022bgsxobj/billboards/crowd/g1.png
[399.419250 4.250000 91.748695] 8.000000 1.000000 @os2022bgsxobj/billboards/crowd/groupsit.png
[399.955963 3.000000 94.693405] 6.000000 1.000000 @os2022bgsxobj/billboards/crowd/3.png
[423.362427 3.000000 94.693405] 6.000000 1.000000 @os2022bgsxobj/billboards/crowd/4.png
[425.122467 1.750000 97.638107] 9.000000 1.000000 @os2022bgsxobj/billboards/crowd/g2.png
[429.472717 1.750000 97.638107] 7.000000 1.000000 @os2022bgsxobj/billboards/crowd/rogan2.png
[369.221710 0.500000 100.582817] 7.000000 1.000000 @os2022bgsxobj/billboards/crowd/rogan2.png
[384.674713 0.500000 100.582817] 6.000000 1.000000 @os2022bgsxobj/billboards/crowd/5.png
[470.418762 9.000000 79.331276] 6.000000 1.000000 @os2022bgsxobj/billboards/crowd/5.png
[494.898651 9.000000 79.331276] 7.000000 2.000000 @os2022bgsxobj/billboards/crowd/g1.png
[484.240234 7.750000 82.275986] 6.000000 1.000000 @os2022bgsxobj/billboards/crowd/3.png
[504.204926 7.750000 82.275986] 7.000000 1.000000 @os2022bgsxobj/billboards/crowd/g6.png
[469.269196 6.750000 85.220688] 7.000000 1.000000 @os2022bgsxobj/billboards/crowd/rogan.png
[493.604340 6.750000 85.220688] 6.000000 1.000000 @os2022bgsxobj/billboards/crowd/1.png
[468.730774 5.500000 88.165398] 7.000000 1.000000 @os2022bgsxobj/billboards/crowd/g6.png
[531.981262 5.500000 88.165398] 8.000000 1.000000 @os2022bgsxobj/billboards/crowd/g5.png
[487.399963 4.250000 91.110100] 6.000000 1.000000 @os2022bgsxobj/billboards/crowd/2.png
[519.909485 4.250000 91.110100] 8.000000 1.000000 @os2022bgsxobj/billboards/crowd/groupsit.png
[469.908661 3.000000 94.054810] 7.000000 1.000000 @os2022bgsxobj/billboards/crowd/dude.png
[485.416443 3.000000 94.054810] 6.000000 1.000000 @os2022bgsxobj/billboards/crowd/6.png
[519.043701 1.750000 96.999512] 6.000000 1.000000 @os2022bgsxobj/billboards/crowd/3.png
[533.696411 1.750000 96.999512] 8.000000 1.000000 @os2022bgsxobj/billboards/crowd/groupsit.png
[485.596466 0.500000 99.944221] 6.000000 1.000000 @os2022bgsxobj/billboards/crowd/4.png
[530.528137 0.500000 99.944221] 7.000000 1.000000 @os2022bgsxobj/billboards/crowd/rogan2.png
[159.053482 9.000000 179.317200] 6.000000 1.000000 @os2022bgsxobj/billboards/crowd/2.png
[175.712906 9.000000 162.657806] 7.000000 2.000000 @os2022bgsxobj/billboards/crowd/g1.png
[190.853821 9.000000 147.516922] 7.000000 1.000000 @os2022bgsxobj/billboards/crowd/9.png
[152.785828 7.750000 189.749283] 7.000000 1.000000 @os2022bgsxobj/billboards/crowd/9.png
[160.175690 7.750000 182.359421] 7.000000 1.000000 @os2022bgsxobj/billboards/crowd/g6.png
[168.115234 7.750000 174.419891] 6.000000 1.000000 @os2022bgsxobj/billboards/crowd/3.png
[184.465805 7.750000 158.069366] 7.000000 1.000000 @os2022bgsxobj/billboards/crowd/dude.png
[181.278580 6.750000 165.421021] 6.000000 1.000000 @os2022bgsxobj/billboards/crowd/3.png
[152.703506 5.500000 198.160477] 6.000000 1.000000 @os2022bgsxobj/billboards/crowd/2.png
[189.387299 5.500000 161.476746] 6.000000 1.000000 @os2022bgsxobj/billboards/crowd/4.png
[196.821838 5.500000 154.042236] 6.000000 1.000000 @os2022bgsxobj/billboards/crowd/5.png
[153.636063 4.250000 201.392349] 7.000000 1.000000 @os2022bgsxobj/billboards/crowd/8.png
[157.002106 3.000000 202.190750] 7.000000 1.000000 @os2022bgsxobj/billboards/crowd/dude.png
[166.250732 3.000000 192.942154] 6.000000 1.000000 @os2022bgsxobj/billboards/crowd/3.png
[199.258972 3.000000 159.933975] 8.000000 1.000000 @os2022bgsxobj/billboards/crowd/groupsit.png
[157.663727 1.750000 205.693573] 7.000000 1.000000 @os2022bgsxobj/billboards/crowd/rogan.png
[160.544907 1.750000 202.812393] 9.000000 1.000000 @os2022bgsxobj/billboards/crowd/g2.png
[164.621414 1.750000 198.735901] 6.000000 1.000000 @os2022bgsxobj/billboards/crowd/5.png
[187.725220 1.750000 175.632141] 7.000000 1.000000 @os2022bgsxobj/billboards/crowd/dude.png
[202.116196 1.750000 161.241211] 9.000000 1.000000 @os2022bgsxobj/billboards/crowd/g2.png
[159.912094 0.500000 207.609650] 6.000000 1.000000 @os2022bgsxobj/billboards/crowd/2.png
[164.834930 0.500000 202.686813] 6.000000 1.000000 @os2022bgsxobj/billboards/crowd/5.png
[175.910339 0.500000 191.611435] 6.000000 1.000000 @os2022bgsxobj/billboards/crowd/1.png
[190.419968 0.500000 177.101852] 6.000000 1.000000 @os2022bgsxobj/billboards/crowd/1.png
[199.226212 0.500000 168.295624] 6.000000 1.000000 @os2022bgsxobj/billboards/crowd/6.png
[204.209976 0.500000 163.311874] 8.000000 1.000000 @os2022bgsxobj/billboards/crowd/groupsit.png
[674.953247 9.000000 252.222733] 7.000000 1.000000 @os2022bgsxobj/billboards/crowd/g6.png
[674.972412 9.000000 256.883545] 7.000000 1.000000 @os2022bgsxobj/billboards/crowd/g6.png
[674.989197 9.000000 260.971588] 7.000000 2.000000 @os2022bgsxobj/billboards/crowd/g1.png
[675.030640 9.000000 271.049438] 8.000000 1.000000 @os2022bgsxobj/billboards/crowd/groupsit.png
[675.051636 9.000000 276.171631] 7.000000 1.000000 @os2022bgsxobj/billboards/crowd/dude.png
[675.161926 9.000000 303.005280] 7.000000 1.000000 @os2022bgsxobj/billboards/crowd/9.png
[672.089539 7.750000 271.937408] 8.000000 1.000000 @os2022bgsxobj/billboards/crowd/groupsit.png
[672.142578 7.750000 284.851501] 9.000000 1.000000 @os2022bgsxobj/billboards/crowd/g2.png
[669.143921 6.750000 271.717377] 6.000000 1.000000 @os2022bgsxobj/billboards/crowd/4.png
[669.311401 6.750000 312.475128] 7.000000 1.000000 @os2022bgsxobj/billboards/crowd/g6.png
[666.162659 5.500000 262.826721] 6.000000 1.000000 @os2022bgsxobj/billboards/crowd/5.png
[666.201782 5.500000 272.347931] 7.000000 1.000000 @os2022bgsxobj/billboards/crowd/dude.png
[663.183289 4.250000 254.398499] 7.000000 1.000000 @os2022bgsxobj/billboards/crowd/dude.png
[663.250061 4.250000 270.654755] 6.000000 1.000000 @os2022bgsxobj/billboards/crowd/3.png
[663.269592 4.250000 275.407715] 8.000000 1.000000 @os2022bgsxobj/billboards/crowd/groupsit.png
[663.378296 4.250000 301.865509] 6.000000 1.000000 @os2022bgsxobj/billboards/crowd/6.png
[660.267761 3.000000 261.509277] 6.000000 1.000000 @os2022bgsxobj/billboards/crowd/2.png
[660.432129 3.000000 301.514038] 6.000000 1.000000 @os2022bgsxobj/billboards/crowd/2.png
[660.479797 3.000000 313.109894] 7.000000 1.000000 @os2022bgsxobj/billboards/crowd/9.png
[657.305176 1.750000 257.167694] 6.000000 1.000000 @os2022bgsxobj/billboards/crowd/5.png
[657.322266 1.750000 261.323456] 9.000000 1.000000 @os2022bgsxobj/billboards/crowd/g2.png
[657.377075 1.750000 274.667084] 7.000000 1.000000 @os2022bgsxobj/billboards/crowd/rogan.png
[657.474854 1.750000 298.460510] 8.000000 1.000000 @os2022bgsxobj/billboards/crowd/g5.png
[657.492737 1.750000 302.807037] 8.000000 1.000000 @os2022bgsxobj/billboards/crowd/g5.png
[657.535461 1.750000 313.199982] 9.000000 1.000000 @os2022bgsxobj/billboards/crowd/g2.png
[654.365662 0.500000 258.436859] 7.000000 1.000000 @os2022bgsxobj/billboards/crowd/rogan.png
[654.383484 0.500000 262.772339] 6.000000 1.000000 @os2022bgsxobj/billboards/crowd/5.png
[654.446106 0.500000 278.016266] 7.000000 1.000000 @os2022bgsxobj/billboards/crowd/9.png
[654.502014 0.500000 291.618744] 8.000000 1.000000 @os2022bgsxobj/billboards/crowd/groupsit.png
[654.550842 0.500000 303.500549] 7.000000 1.000000 @os2022bgsxobj/billboards/crowd/rogan2.png
[654.568420 0.500000 307.775818] 7.000000 1.000000 @os2022bgsxobj/billboards/crowd/8.png
[264.468872 9.000000 567.371399] 7.000000 2.000000 @os2022bgsxobj/billboards/crowd/g1.png
[247.768341 9.000000 587.848816] 7.000000 1.000000 @os2022bgsxobj/billboards/crowd/dude.png
[245.210388 9.000000 590.985229] 6.000000 1.000000 @os2022bgsxobj/billboards/crowd/3.png
[238.781433 9.000000 598.868103] 7.000000 1.000000 @os2022bgsxobj/billboards/crowd/g6.png
[226.241791 9.000000 614.243591] 7.000000 1.000000 @os2022bgsxobj/billboards/crowd/g6.png
[263.213440 7.750000 564.251587] 9.000000 1.000000 @os2022bgsxobj/billboards/crowd/g2.png
[250.924133 7.750000 579.320129] 6.000000 1.000000 @os2022bgsxobj/billboards/crowd/1.png
[246.724075 7.750000 584.470032] 7.000000 1.000000 @os2022bgsxobj/billboards/crowd/8.png
[231.852524 7.750000 602.704834] 8.000000 1.000000 @os2022bgsxobj/billboards/crowd/g5.png
[224.476166 7.750000 611.749329] 8.000000 1.000000 @os2022bgsxobj/billboards/crowd/g5.png
[247.502594 6.750000 578.856262] 7.000000 1.000000 @os2022bgsxobj/billboards/crowd/rogan.png
[227.201401 6.750000 603.748596] 6.000000 1.000000 @os2022bgsxobj/billboards/crowd/3.png
[237.097397 5.500000 586.955383] 7.000000 1.000000 @os2022bgsxobj/billboards/crowd/8.png
[231.484039 5.500000 593.838196] 7.500000 1.000000 @os2022bgsxobj/billboards/crowd/7.png
[213.724899 3.000000 606.295227] 7.500000 1.000000 @os2022bgsxobj/billboards/crowd/7.png
[245.555237 1.750000 562.607178] 7.000000 1.000000 @os2022bgsxobj/billboards/crowd/dude.png
[213.566071 1.750000 601.830811] 7.000000 1.000000 @os2022bgsxobj/billboards/crowd/rogan2.png
[244.788666 0.500000 558.887939] 8.000000 1.000000 @os2022bgsxobj/billboards/crowd/groupsit.png
[233.694489 0.500000 572.491089] 8.000000 1.000000 @os2022bgsxobj/billboards/crowd/groupsit.png
[231.027618 0.500000 575.761047] 8.000000 1.000000 @os2022bgsxobj/billboards/crowd/groupsit.png
[222.847656 0.500000 585.790955] 8.000000 1.000000 @os2022bgsxobj/billboards/crowd/g5.png
[214.782104 0.500000 595.680542] 7.000000 1.000000 @os2022bgsxobj/billboards/crowd/g6.png
[211.970642 0.500000 599.127808] 6.000000 1.000000 @os2022bgsxobj/billboards/crowd/1.png
[209.057205 0.500000 602.700134] 6.000000 1.000000 @os2022bgsxobj/billboards/crowd/6.png
[432.862091 9.000000 604.146667] 6.000000 1.000000 @os2022bgsxobj/billboards/crowd/3.png
[426.717621 9.000000 604.194275] 7.000000 1.000000 @os2022bgsxobj/billboards/crowd/rogan.png
[420.561707 9.000000 604.242004] 6.000000 1.000000 @os2022bgsxobj/billboards/crowd/4.png
[393.570496 9.000000 604.451294] 8.000000 1.000000 @os2022bgsxobj/billboards/crowd/groupsit.png
[440.822021 7.750000 601.140137] 6.000000 1.000000 @os2022bgsxobj/billboards/crowd/3.png
[429.933990 7.750000 601.224548] 7.500000 1.000000 @os2022bgsxobj/billboards/crowd/7.png
[393.925842 7.750000 601.503723] 7.000000 1.000000 @os2022bgsxobj/billboards/crowd/rogan2.png
[422.021393 6.750000 598.341125] 7.000000 1.000000 @os2022bgsxobj/billboards/crowd/9.png
[406.688477 6.750000 598.459961] 6.000000 1.000000 @os2022bgsxobj/billboards/crowd/3.png
[384.946411 6.750000 598.628540] 7.000000 1.000000 @os2022bgsxobj/billboards/crowd/9.png
[380.898468 6.750000 598.659912] 6.000000 1.000000 @os2022bgsxobj/billboards/crowd/2.png
[402.764374 4.250000 592.600830] 6.000000 1.000000 @os2022bgsxobj/billboards/crowd/3.png
[381.123138 4.250000 592.768616] 6.000000 1.000000 @os2022bgsxobj/billboards/crowd/5.png
[446.019135 3.000000 589.320679] 6.000000 1.000000 @os2022bgsxobj/billboards/crowd/6.png
[381.383850 3.000000 589.821777] 7.000000 1.000000 @os2022bgsxobj/billboards/crowd/rogan2.png
[445.415131 1.750000 586.380554] 7.000000 1.000000 @os2022bgsxobj/billboards/crowd/rogan2.png
[420.517609 1.750000 586.573608] 6.000000 1.000000 @os2022bgsxobj/billboards/crowd/1.png
[396.986084 1.750000 586.756042] 6.000000 1.000000 @os2022bgsxobj/billboards/crowd/5.png
[383.088104 1.750000 586.863770] 8.000000 1.000000 @os2022bgsxobj/billboards/crowd/g5.png
[446.130768 0.500000 583.430237] 7.000000 1.000000 @os2022bgsxobj/billboards/crowd/rogan.png
[427.127655 0.500000 583.577576] 9.000000 1.000000 @os2022bgsxobj/billboards/crowd/g2.png
[422.707092 0.500000 583.611816] 8.000000 1.000000 @os2022bgsxobj/billboards/crowd/g5.png
[413.549438 0.500000 583.682800] 7.500000 1.000000 @os2022bgsxobj/billboards/crowd/7.png
[409.514648 0.500000 583.714111] 9.000000 1.000000 @os2022bgsxobj/billboards/crowd/g2.png
[397.138336 0.500000 583.810059] 6.000000 1.000000 @os2022bgsxobj/billboards/crowd/3.png
[385.813568 0.500000 583.897827] 7.000000 1.000000 @os2022bgsxobj/billboards/crowd/9.png
[381.075226 0.500000 583.934570] 6.000000 1.000000 @os2022bgsxobj/billboards/crowd/4.png
[594.110413 9.000000 603.391907] 6.000000 1.000000 @os2022bgsxobj/billboards/crowd/5.png
[588.676270 9.000000 603.434021] 6.000000 1.000000 @os2022bgsxobj/billboards/crowd/3.png
[572.850952 9.000000 603.556702] 7.000000 1.000000 @os2022bgsxobj/billboards/crowd/dude.png
[536.747620 9.000000 603.836609] 8.000000 1.000000 @os2022bgsxobj/billboards/crowd/groupsit.png
[532.686218 9.000000 603.868103] 7.000000 1.000000 @os2022bgsxobj/billboards/crowd/g6.png
[570.147339 7.750000 600.632874] 7.000000 1.000000 @os2022bgsxobj/billboards/crowd/rogan2.png
[556.080261 7.750000 600.741943] 8.000000 1.000000 @os2022bgsxobj/billboards/crowd/groupsit.png
[594.675598 6.750000 597.497925] 7.000000 1.000000 @os2022bgsxobj/billboards/crowd/rogan2.png
[584.072266 6.750000 597.580139] 6.000000 1.000000 @os2022bgsxobj/billboards/crowd/6.png
[576.714172 6.750000 597.637207] 7.000000 1.000000 @os2022bgsxobj/billboards/crowd/9.png
[574.469482 3.000000 588.820190] 7.000000 1.000000 @os2022bgsxobj/billboards/crowd/dude.png
[536.539673 3.000000 589.114258] 6.000000 1.000000 @os2022bgsxobj/billboards/crowd/5.png
[594.495605 1.750000 585.720154] 6.000000 1.000000 @os2022bgsxobj/billboards/crowd/2.png
[540.104004 1.750000 586.141846] 7.000000 1.000000 @os2022bgsxobj/billboards/crowd/rogan2.png
[535.946472 1.750000 586.174072] 6.000000 1.000000 @os2022bgsxobj/billboards/crowd/1.png
[597.034973 0.500000 582.755676] 6.000000 1.000000 @os2022bgsxobj/billboards/crowd/6.png
[589.227356 0.500000 582.816223] 6.000000 1.000000 @os2022bgsxobj/billboards/crowd/4.png
[579.124695 0.500000 582.894531] 7.000000 1.000000 @os2022bgsxobj/billboards/crowd/rogan.png
[575.070374 0.500000 582.925964] 6.000000 1.000000 @os2022bgsxobj/billboards/crowd/1.png
[565.098450 0.500000 583.003296] 7.000000 1.000000 @os2022bgsxobj/billboards/crowd/rogan2.png
[547.512451 0.500000 583.139587] 7.000000 2.000000 @os2022bgsxobj/billboards/crowd/g1.png
[540.020386 0.500000 583.197693] 7.000000 1.000000 @os2022bgsxobj/billboards/crowd/rogan2.png
[534.980957 0.500000 583.236755] 6.000000 1.000000 @os2022bgsxobj/billboards/crowd/2.png
[673.521484 9.000000 395.672516] 8.000000 1.000000 @os2022bgsxobj/billboards/crowd/g5.png
[673.541199 9.000000 400.464905] 6.000000 1.000000 @os2022bgsxobj/billboards/crowd/2.png
[673.699036 9.000000 438.876282] 6.000000 1.000000 @os2022bgsxobj/billboards/crowd/3.png
[673.770203 9.000000 456.193298] 6.000000 1.000000 @os2022bgsxobj/billboards/crowd/1.png
[670.576416 7.750000 395.587646] 7.000000 1.000000 @os2022bgsxobj/billboards/crowd/9.png
[670.647217 7.750000 412.816345] 7.000000 1.000000 @os2022bgsxobj/billboards/crowd/8.png
[670.672485 7.750000 418.966461] 7.000000 1.000000 @os2022bgsxobj/billboards/crowd/g6.png
[670.818176 7.750000 454.410828] 7.000000 1.000000 @os2022bgsxobj/billboards/crowd/rogan.png
[667.644836 6.750000 398.782806] 7.000000 1.000000 @os2022bgsxobj/billboards/crowd/9.png
[667.745483 6.750000 423.283936] 6.000000 1.000000 @os2022bgsxobj/billboards/crowd/1.png
[664.702515 5.500000 399.374512] 7.000000 1.000000 @os2022bgsxobj/billboards/crowd/8.png
[658.877991 3.000000 415.171722] 6.000000 1.000000 @os2022bgsxobj/billboards/crowd/5.png
[655.841919 1.750000 392.954834] 7.000000 1.000000 @os2022bgsxobj/billboards/crowd/9.png
[655.883789 1.750000 403.140839] 7.000000 1.000000 @os2022bgsxobj/billboards/crowd/g6.png
[655.943176 1.750000 417.584900] 7.500000 1.000000 @os2022bgsxobj/billboards/crowd/7.png
[656.089783 1.750000 453.266296] 7.000000 1.000000 @os2022bgsxobj/billboards/crowd/rogan2.png
[656.108093 1.750000 457.713135] 7.000000 1.000000 @os2022bgsxobj/billboards/crowd/dude.png
[652.896606 0.500000 392.807220] 6.000000 1.000000 @os2022bgsxobj/billboards/crowd/3.png
[652.934204 0.500000 401.961121] 7.000000 1.000000 @os2022bgsxobj/billboards/crowd/g6.png
[653.162720 0.500000 457.559814] 6.000000 1.000000 @os2022bgsxobj/billboards/crowd/2.png
[88.860901 0.000000 287.501495] 7.500000 1.000000 @os2022bgsxobj/billboards/crowd/7.png
[64.251823 0.000000 280.389709] 7.500000 1.000000 @os2022bgsxobj/billboards/crowd/7.png
[20.133465 0.000000 341.042206] 7.500000 1.000000 @os2022bgsxobj/billboards/crowd/7.png
[79.602570 0.000000 487.611389] 7.500000 1.000000 @os2022bgsxobj/billboards/crowd/7.png
[273.410919 0.000000 576.054504] 7.500000 1.000000 @os2022bgsxobj/billboards/crowd/7.png
[647.936890 0.000000 560.888306] 7.500000 1.000000 @os2022bgsxobj/billboards/crowd/7.png
[657.515625 0.000000 361.013367] 7.500000 1.000000 @os2022bgsxobj/billboards/crowd/7.png
[573.910522 0.000000 117.531860] 6.000000 1.000000 @os2022bgsxobj/billboards/crowd/6.png
[645.205627 0.000000 199.667130] 6.000000 1.000000 @os2022bgsxobj/billboards/crowd/6.png
[652.433105 0.000000 324.456604] 6.000000 1.000000 @os2022bgsxobj/billboards/crowd/6.png
[639.705505 0.000000 565.618896] 6.000000 1.000000 @os2022bgsxobj/billboards/crowd/6.png
[627.909241 0.000000 123.757538] 6.000000 1.000000 @os2022bgsxobj/billboards/crowd/5.png
[664.148560 0.000000 184.901367] 6.000000 1.000000 @os2022bgsxobj/billboards/crowd/5.png
[162.048569 0.000000 580.453735] 6.000000 1.000000 @os2022bgsxobj/billboards/crowd/4.png
[661.228760 0.000000 353.101807] 6.000000 1.000000 @os2022bgsxobj/billboards/crowd/4.png
[583.563599 0.000000 100.463631] 6.000000 1.000000 @os2022bgsxobj/billboards/crowd/4.png
[550.375183 0.000000 94.593575] 6.000000 1.000000 @os2022bgsxobj/billboards/crowd/4.png
[267.257935 0.000000 99.786285] 6.000000 1.000000 @os2022bgsxobj/billboards/crowd/4.png
[131.117828 0.000000 212.897751] 6.000000 1.000000 @os2022bgsxobj/billboards/crowd/3.png
[128.634354 0.000000 539.137390] 6.000000 1.000000 @os2022bgsxobj/billboards/crowd/3.png
[644.050293 0.000000 144.776306] 6.000000 1.000000 @os2022bgsxobj/billboards/crowd/3.png
[567.062134 0.000000 99.509140] 6.000000 1.000000 @os2022bgsxobj/billboards/crowd/3.png
[463.545929 0.000000 87.656151] 6.000000 1.000000 @os2022bgsxobj/billboards/crowd/3.png
[210.697372 0.000000 151.909927] 6.000000 1.000000 @os2022bgsxobj/billboards/crowd/2.png
[78.352165 0.000000 288.086609] 6.000000 1.000000 @os2022bgsxobj/billboards/crowd/2.png
[367.148926 0.000000 591.730469] 6.000000 1.000000 @os2022bgsxobj/billboards/crowd/2.png
[595.280945 0.000000 575.446594] 6.000000 1.000000 @os2022bgsxobj/billboards/crowd/2.png
[526.473999 0.000000 107.369209] 6.000000 1.000000 @os2022bgsxobj/billboards/crowd/2.png
[315.893646 0.000000 108.816765] 6.000000 1.000000 @os2022bgsxobj/billboards/crowd/1.png
[514.922729 0.000000 576.227112] 6.000000 1.000000 @os2022bgsxobj/billboards/crowd/1.png
[133.903076 0.000000 543.102966] 7.000000 1.000000 @os2022bgsxobj/billboards/crowd/rogan.png