add_gradient 609.296875 231.124542 609.350891 321.794708
add_point 0 0.000000 0.000000
add_point 1 1.250000 0.000000
add_point 0 23.066284 4.740781
add_point 1 25.682409 5.553557
add_point 0 28.695530 5.555704
add_point 1 37.109455 3.409158
add_point 1 44.832256 2.187877
add_point 0 51.872574 2.834437
add_point 1 63.250000 5.750000
add_point 0 66.926933 5.673421
add_point 1 77.631088 2.548382
add_point 0 89.500000 0.000000
add_point 0 90.670227 0.000000
add_gradient 549.114990 500.233734 579.250732 500.178040
add_point 0 0.000000 0.000000
add_point 1 1.000000 0.000000
add_point 1 13.840775 2.423642
add_point 1 16.250000 2.812500
add_point 1 17.645630 2.679737
add_point 1 18.999279 2.387056
add_point 0 29.500000 0.000000
add_point 0 30.135786 0.000000
add_gradient 581.462646 31.705748 541.276855 31.463667
add_point 0 0.000000 0.000000
add_point 1 1.500000 0.000000
add_point 1 11.567913 2.033237
add_point 1 13.750000 2.500000
add_point 1 16.571569 2.566622
add_point 1 18.705109 2.769816
add_point 1 20.337765 3.281804
add_point 1 22.577650 4.171356
add_point 1 24.823088 5.201986
add_point 1 27.000000 5.750000
add_point 1 29.293360 5.405180
add_point 0 39.500000 0.000000
add_point 0 40.186497 0.000000
add_gradient 331.488708 420.284576 353.872559 420.315765
add_point 0 0.000000 0.000000
add_point 1 0.500000 0.000000
add_point 0 6.064446 1.680339
add_point 1 8.934565 3.001101
add_point 1 11.000000 3.500000
add_point 0 13.049247 3.128098
add_point 1 16.034931 1.874894
add_point 0 22.000000 0.000000
add_point 0 22.383884 0.000000
add_gradient 429.329132 405.033844 552.099670 404.888519
add_point 0 0.000000 -0.000058
add_point 1 4.680000 -0.000058
add_point 0 15.695799 4.044525
add_point 1 19.760014 6.851728
add_point 0 20.280014 6.875101
add_point 1 21.580015 6.875090
add_point 0 23.231014 6.386971
add_point 1 34.840008 1.516869
add_point 1 40.559971 0.014140
add_point 1 46.019936 0.711520
add_point 0 55.178493 4.306436
add_point 1 57.293781 5.224391
add_point 1 59.799847 5.744948
add_point 1 62.981117 5.443903
add_point 1 66.293739 4.206658
add_point 1 73.839897 1.043759
add_point 1 79.299942 0.055133
add_point 1 82.159966 0.007547
add_point 1 88.140015 1.249518
add_point 1 94.544273 4.080136
add_point 1 98.067001 5.552876
add_point 1 100.338593 5.865910
add_point 0 102.831299 5.516651
add_point 1 107.318977 3.970141
add_point 0 122.000000 0.000000
add_point 1 122.770645 -0.000058
add_gradient 516.204041 143.886703 443.457275 143.942245
add_point 1 0.000000 0.000032
add_point 1 0.187500 0.000000
add_point 1 8.471953 1.433512
add_point 1 16.081659 1.140831
add_point 1 24.789106 3.201169
add_point 1 33.642521 2.640821
add_point 1 41.341061 4.805064
add_point 1 48.998558 4.572441
add_point 1 54.224255 6.176071
add_point 1 55.563549 6.303793
add_point 1 57.724346 5.675869
add_point 1 65.441483 1.678822
add_point 1 69.145706 0.278365
add_point 0 71.615189 0.000032
add_point 1 72.746796 0.000032
add_gradient 351.726532 433.272552 406.433685 433.305634
add_point 0 0.000000 0.000000
add_point 1 3.500000 0.000000
add_point 1 24.686502 5.038651
add_point 1 26.179445 5.579865
add_point 1 27.288185 5.783751
add_point 1 28.546659 5.705228
add_point 1 29.622166 5.427339
add_point 0 50.500000 0.000000
add_point 0 54.707176 0.000000
add_gradient 582.968384 43.146427 529.012085 43.238659
add_point 0 0.000000 0.000000
add_point 1 1.000000 0.000000
add_point 1 5.470336 1.077649
add_point 1 10.438311 3.343743
add_point 1 14.186081 5.391943
add_point 0 14.500000 5.500000
add_point 1 35.250000 5.750000
add_point 1 36.628502 5.713457
add_point 1 38.066601 5.321249
add_point 1 39.766171 4.711146
add_point 1 53.250000 0.000000
add_point 0 53.956387 0.000000
add_gradient 329.221527 269.360291 132.096573 466.517975
add_point 0 0.000000 0.000000
add_point 1 8.000000 0.000000
add_point 0 16.952215 2.238167
add_point 1 18.608526 2.876745
add_point 1 20.250000 3.250000
add_point 0 21.951082 2.946589
add_point 1 23.527571 2.417767
add_point 0 33.000000 0.000000
add_point 1 44.500000 0.000000
add_point 0 53.606453 2.392529
add_point 1 55.402451 3.150840
add_point 1 57.000000 3.500000
add_point 0 58.820858 3.206224
add_point 1 60.612919 2.571242
add_point 0 69.500000 0.000000
add_point 1 75.500000 0.000000
add_point 0 89.239586 4.404302
add_point 1 90.975204 5.194501
add_point 0 92.724930 5.490826
add_point 1 104.286995 5.264652
add_point 0 110.609383 5.548944
add_point 1 112.918556 5.727359
add_point 1 114.494438 5.606093
add_point 0 115.959618 5.229770
add_point 1 123.579399 2.576956
add_point 1 136.000000 0.000000
add_point 0 145.209366 2.442858
add_point 1 146.888535 3.120172
add_point 1 148.750000 3.500000
add_point 0 150.585541 3.261279
add_point 1 152.391708 2.626297
add_point 1 162.000000 0.000000
add_point 0 178.759293 3.835033
add_point 1 182.025375 5.127790
add_point 1 185.000000 5.750000
add_point 0 187.871674 5.306121
add_point 1 191.345398 4.119196
add_point 1 210.000000 0.000000
add_point 0 218.470673 2.418818
add_point 1 220.226715 3.117230
add_point 1 222.056335 3.501133
add_point 0 223.948578 3.198431
add_point 1 225.543076 2.662225
add_point 0 235.000000 0.000000
add_point 1 246.000000 0.000000
add_point 0 254.692123 2.396587
add_point 1 256.603363 3.110196
add_point 1 258.500000 3.500000
add_point 0 260.378723 3.229119
add_point 1 262.481232 2.481251
add_point 0 271.000000 0.000000
add_point 1 278.799927 0.000000
add_gradient 305.347961 390.670898 310.540680 383.784882
add_point 0 0.000000 0.000000
add_point 0 8.624475 0.000000
add_gradient 344.507294 306.598236 383.067963 260.644867
add_point 0 0.000000 0.000000
add_point 1 44.000000 0.000000
add_point 0 51.987240 1.866865
add_point 0 52.250000 2.000000
add_point 1 53.750000 2.000000
add_point 0 59.000000 0.000000
add_point 0 59.988644 0.000000
add_gradient 333.628448 274.952393 304.560364 303.963989
add_point 0 0.000000 0.000000
add_point 1 7.071750 0.000029
add_point 0 16.053169 1.723481
add_point 1 17.831118 2.231466
add_point 1 19.500000 2.500000
add_point 0 21.189466 2.259688
add_point 1 23.249630 1.765813
add_point 0 32.327999 0.000000
add_point 1 41.068554 0.000000
add_gradient 125.551666 444.086121 91.627228 475.216827
add_point 0 0.000000 0.000000
add_point 1 20.500000 0.000000
add_point 0 32.681919 5.402129
add_point 0 34.000000 6.500000
add_point 1 36.500000 6.500000
add_point 0 45.000000 0.000000
add_point 0 46.043335 0.000000
add_gradient 105.138367 429.047791 304.303741 230.042343
add_point 0 0.000000 0.000000
add_point 1 1.500000 0.000000
add_point 1 7.032289 0.966493
add_point 1 8.489044 1.265826
add_point 1 10.205222 1.505293
add_point 1 12.220734 1.465382
add_point 1 18.541153 1.103502
add_point 1 26.325407 3.257918
add_point 1 28.000000 3.500000
add_point 1 29.776258 3.323127
add_point 0 41.000000 0.000000
add_point 1 51.500000 0.000000
add_point 0 60.165138 2.292107
add_point 1 62.132828 3.128270
add_point 1 64.000000 3.500000
add_point 0 65.928612 3.198823
add_point 1 67.720673 2.563842
add_point 0 77.000000 0.000000
add_point 1 83.500000 0.000000
add_point 0 95.510239 4.086294
add_point 1 97.286285 5.163894
add_point 0 99.004112 5.505111
add_point 1 111.931091 5.158036
add_point 0 119.234825 5.457369
add_point 1 121.314682 5.609397
add_point 0 123.396530 5.190868
add_point 1 127.327774 3.594424
add_point 0 141.500000 0.000000
add_point 1 143.500000 0.000000
add_point 0 152.697830 2.507638
add_point 1 154.294281 3.166172
add_point 1 156.000000 3.500000
add_point 0 157.736618 3.236016
add_point 1 159.223297 2.717172
add_point 0 169.000000 0.000000
add_point 1 181.000000 0.000000
add_point 0 189.638962 2.536457
add_point 1 191.150360 3.148697
add_point 1 193.000000 3.500000
add_point 0 194.974365 3.134586
add_point 1 196.415939 2.578699
add_point 0 206.000000 0.000000
add_point 1 217.500000 0.000000
add_point 0 226.728928 2.671967
add_point 1 228.282501 3.186758
add_point 1 230.000000 3.500000
add_point 0 231.794678 3.226669
add_point 1 233.281372 2.677891
add_point 0 242.500000 0.000000
add_point 1 254.000000 0.000000
add_point 0 263.621704 2.615769
add_point 1 265.137146 3.102453
add_point 1 267.000000 3.500000
add_point 0 268.948669 3.182275
add_point 1 270.575043 2.653452
add_point 0 280.500000 0.000000
add_point 1 281.549316 -0.000001
add_gradient 331.463745 218.202042 396.937469 218.145584
add_point 0 0.000000 -0.000001
add_point 1 0.500000 0.000000
add_point 0 9.142972 1.949631
add_point 1 11.344242 2.697499
add_point 1 13.000000 3.000000
add_point 0 14.730813 2.782163
add_point 1 16.692202 2.161292
add_point 0 26.000000 0.000000
add_point 1 37.500000 0.000000
add_point 0 46.129581 1.607546
add_point 1 48.164188 2.177353
add_point 1 50.000000 2.500000
add_point 0 51.676369 2.307065
add_point 1 53.735256 1.720432
add_point 0 63.000000 0.000000
add_point 1 65.473747 -0.000001
add_gradient 331.817139 260.189301 308.406555 208.381195
add_point 0 0.000000 0.000000
add_point 1 42.500000 0.000000
add_point 0 48.735130 2.836144
add_point 0 49.500000 3.500000
add_point 1 51.500000 3.500000
add_point 0 56.000000 0.000000
add_point 0 56.851871 0.000000
add_gradient 543.446228 283.340912 543.406372 217.647186
add_point 0 0.000000 -0.000001
add_point 1 1.500000 0.000000
add_point 0 9.911473 2.417646
add_point 1 11.717644 3.137292
add_point 1 13.500000 3.500000
add_point 0 15.344096 3.306621
add_point 1 17.164377 2.685750
add_point 0 26.500000 0.000000
add_point 1 38.000000 0.000000
add_point 0 46.257381 2.000008
add_point 1 48.153156 2.648564
add_point 1 50.000000 3.000000
add_point 0 51.894836 2.738371
add_point 1 53.700813 2.189594
add_point 0 62.500000 0.000000
add_point 1 65.693733 -0.000001
add_gradient 530.418335 326.611755 542.440674 359.630798
add_point 0 0.000000 0.000000
add_point 1 18.000000 0.000000
add_point 0 26.115688 3.348795
add_point 0 27.000000 4.000000
add_point 1 29.000000 4.000000
add_point 0 34.500000 0.000000
add_point 0 35.139633 0.000000
add_gradient 527.476562 305.912659 563.556763 305.982269
add_point 1 0.000000 0.000000
add_point 1 2.000000 0.250000
add_point 0 30.075726 3.453091
add_point 1 30.500000 3.500000
add_point 0 35.500000 0.000000
add_point 0 36.080269 0.000000
add_gradient 244.139069 236.745514 288.258057 192.706070
add_point 0 0.000000 0.000042
add_point 1 1.000000 0.000000
add_point 0 8.983291 1.864854
add_point 1 11.043504 2.556305
add_point 1 13.000000 3.000000
add_point 0 15.065056 2.612748
add_point 1 16.758341 2.076541
add_point 0 26.000000 0.000000
add_point 1 37.500000 0.000000
add_point 0 44.988445 1.686929
add_point 1 47.043930 2.445282
add_point 1 49.500000 3.000000
add_point 0 52.028316 2.613333
add_point 1 53.784405 2.074533
add_point 0 62.000000 0.000000
add_point 1 62.337452 0.000042
add_gradient 523.401611 143.520370 305.576324 143.578491
add_point 0 0.000000 0.000031
add_point 1 7.071750 0.000031
add_point 1 14.860964 1.336679
add_point 1 23.901550 0.941567
add_point 1 32.125000 3.062500
add_point 1 40.439388 2.268038
add_point 1 48.062500 4.687500
add_point 1 55.712166 4.059712
add_point 1 62.562500 6.562500
add_point 1 65.125000 6.437500
add_point 1 66.687500 5.812500
add_point 0 81.000000 0.000000
add_point 1 87.000000 0.000000
add_point 0 95.093330 2.303013
add_point 1 97.318939 3.109816
add_point 1 99.250000 3.500000
add_point 0 101.180336 3.209593
add_point 1 103.125999 2.551060
add_point 0 112.000000 0.000000
add_point 1 123.500000 0.000000
add_point 0 131.324844 2.087681
add_point 1 134.005875 3.089541
add_point 1 136.000000 3.500000
add_point 0 138.069733 3.188281
add_point 1 140.802322 2.284680
add_point 1 150.000000 0.000000
add_point 0 164.528839 3.525552
add_point 1 168.845703 5.086908
add_point 1 172.500000 5.750000
add_point 0 176.013947 5.397344
add_point 1 181.996887 3.619395
add_point 0 198.250000 0.000000
add_point 1 217.825302 -0.000001
add_gradient 522.096863 164.951813 555.642029 134.093918
add_point 0 0.000000 0.000000
add_point 1 28.000000 0.000000
add_point 0 34.871353 3.353577
add_point 0 35.000000 3.500000
add_point 1 37.000000 3.500000
add_point 0 44.000000 0.000000
add_point 0 45.579468 0.000000
add_gradient 316.756683 184.666077 494.229370 184.650742
add_point 0 0.000000 0.000042
add_point 1 3.500000 0.000000
add_point 0 10.729803 1.975428
add_point 1 13.717903 3.077044
add_point 1 15.500000 3.500000
add_point 0 17.409781 3.208776
add_point 1 19.066092 2.610109
add_point 0 28.000000 0.000000
add_point 1 40.000000 0.000000
add_point 0 48.838539 2.489865
add_point 1 50.454937 3.118465
add_point 1 52.250000 3.500000
add_point 0 53.947159 3.218243
add_point 1 55.546478 2.711253
add_point 1 70.500000 0.000000
add_point 0 84.729622 2.235993
add_point 1 86.904915 2.981198
add_point 1 89.250000 3.500000
add_point 0 91.514648 3.140842
add_point 1 93.270737 2.641953
add_point 1 108.000000 0.500000
add_point 0 120.806366 2.422660
add_point 1 123.719879 3.161016
add_point 1 126.000000 3.500000
add_point 0 128.449341 3.101149
add_point 1 130.903885 2.482527
add_point 1 143.500000 0.500000
add_point 0 158.220795 2.558301
add_point 1 160.774826 3.179172
add_point 1 163.000000 3.500000
add_point 0 165.346695 3.179147
add_point 1 167.181076 2.572387
add_point 0 176.000000 0.000000
add_point 1 177.472687 0.000042
add_gradient 316.312714 221.467377 294.392456 165.775833
add_point 0 0.000000 0.000000
add_point 1 44.000000 0.000000
add_point 0 50.706062 2.770507
add_point 0 51.500000 3.500000
add_point 1 53.500000 3.500000
add_point 0 59.500000 0.000000
add_point 0 59.850197 0.000000
add_gradient 228.956482 196.925415 203.651978 222.344666
add_point 0 0.000000 0.000000
add_point 1 6.187500 0.000000
add_point 1 11.940833 1.030470
add_point 1 14.064495 2.956581
add_point 0 15.155939 4.804782
add_point 1 15.533405 5.640313
add_point 0 15.750000 5.750000
add_point 1 18.750000 5.750000
add_point 0 19.924133 5.550620
add_point 1 21.673861 4.393541
add_point 0 32.750000 0.000000
add_point 0 35.867203 0.000000
add_gradient 186.114853 238.158875 61.724342 362.631744
add_point 0 0.000000 0.000042
add_point 1 1.500000 0.000000
add_point 0 9.812528 2.233623
add_point 1 11.950208 3.091489
add_point 1 14.000000 3.500000
add_point 0 16.250629 3.161334
add_point 1 18.246185 2.432956
add_point 1 28.500000 0.000000
add_point 0 44.318558 4.006782
add_point 1 47.592255 5.177975
add_point 1 50.750000 5.750000
add_point 0 53.561100 5.361415
add_point 1 56.538460 4.500662
add_point 1 74.500000 0.000000
add_point 0 82.465065 2.055317
add_point 1 84.765114 3.000734
add_point 1 87.000000 3.500000
add_point 0 89.142990 3.142400
add_point 1 91.167580 2.347016
add_point 0 99.500000 0.000000
add_point 1 111.500000 0.000000
add_point 0 119.771713 2.207430
add_point 1 121.733101 2.997630
add_point 1 124.000000 3.500000
add_point 0 126.304977 3.195180
add_point 1 128.506241 2.447312
add_point 0 137.500000 0.000000
add_point 1 148.500000 0.000000
add_point 0 156.360336 2.108565
add_point 1 158.699799 3.001903
add_point 1 161.000000 3.500000
add_point 0 163.173172 3.196447
add_point 1 165.289780 2.395557
add_point 0 173.500000 0.000000
add_point 1 175.972992 0.000042
add_gradient 81.251678 374.066315 43.176441 403.760284
add_point 0 0.000000 0.000000
add_point 1 20.500000 0.000000
add_point 0 32.796452 5.330799
add_point 0 34.000000 6.500000
add_point 1 36.500000 6.500000
add_point 0 45.250000 0.000000
add_point 0 48.285149 0.000000
add_gradient 501.269562 186.292404 598.617126 186.309555
add_point 0 0.000000 0.000000
add_point 1 1.000000 0.000000
add_point 0 9.832341 4.656399
add_point 1 15.998012 10.156786
add_point 0 18.726591 10.837575
add_point 1 21.567112 10.835835
add_point 0 24.022377 11.287378
add_point 0 25.838623 11.979506
add_point 1 25.929750 5.383931
add_point 0 26.266500 -0.000016
add_point 1 58.594501 -0.000016
add_point 1 58.931252 6.612321
add_point 0 59.000000 12.000000
add_point 1 60.695568 12.006583
add_point 1 64.992744 11.045345
add_point 0 69.370445 8.773228
add_point 0 70.717430 7.993046
add_point 1 71.727669 7.408122
add_point 0 74.084892 6.043058
add_point 1 75.768623 5.067852
add_point 1 81.493309 2.074212
add_point 1 86.207756 0.455901
add_point 0 90.248711 -0.000016
add_point 1 97.347565 -0.000016
add_gradient 588.204468 204.962112 622.049133 172.873566
add_point 0 0.000000 0.000000
add_point 1 27.500000 0.000000
add_point 0 34.771553 3.733412
add_point 0 35.000000 4.000000
add_point 1 37.000000 4.000000
add_point 0 43.500000 0.000000
add_point 0 46.638355 0.000000
add_gradient 492.224609 459.161835 316.831604 458.849609
add_point 0 0.000000 0.000000
add_point 1 0.125000 0.000000
add_point 0 7.390120 1.963974
add_point 1 10.238894 3.160653
add_point 1 12.000000 3.500000
add_point 0 13.880816 3.380217
add_point 1 18.436199 2.458587
add_point 1 30.000000 1.000000
add_point 0 43.928452 3.386215
add_point 1 46.874260 4.274649
add_point 1 48.875000 4.625000
add_point 0 50.980469 4.458088
add_point 1 57.396717 3.050975
add_point 1 68.000000 2.000000
add_point 0 77.541847 3.954699
add_point 1 83.016823 5.667207
add_point 1 85.500000 6.000000
add_point 0 87.916702 5.742592
add_point 1 93.063614 4.293355
add_point 1 104.940041 1.777470
add_point 0 116.569130 3.333999
add_point 1 120.277847 4.361223
add_point 1 122.500000 4.625000
add_point 0 124.575317 4.389416
add_point 1 128.777786 3.231987
add_point 1 142.000000 0.500000
add_point 0 153.732422 2.388766
add_point 1 156.785614 3.226898
add_point 1 159.000000 3.500000
add_point 0 160.837112 3.241739
add_point 1 164.238358 2.254385
add_point 0 174.500000 0.000000
add_point 0 175.393280 0.000000
add_gradient 595.310608 207.800156 595.500244 429.027771
add_point 0 0.000000 -0.000016
add_point 1 2.000000 0.000000
add_point 0 9.914740 2.192946
add_point 1 11.955637 3.009040
add_point 1 14.000000 3.500000
add_point 0 16.116371 3.218574
add_point 1 18.151836 2.500174
add_point 1 26.000000 0.000000
add_point 0 44.114250 4.026744
add_point 1 47.002876 5.049767
add_point 1 49.502251 5.676014
add_point 0 52.054409 5.515435
add_point 1 58.770428 3.529951
add_point 1 65.168251 2.333808
add_point 1 73.455658 2.128008
add_point 0 80.360275 3.564808
add_point 1 85.382484 5.478759
add_point 1 87.554741 5.926154
add_point 0 90.585457 5.578281
add_point 1 99.018639 2.745808
add_point 1 111.000000 0.000000
add_point 0 119.658287 2.124497
add_point 1 121.958710 3.050550
add_point 1 124.000000 3.500000
add_point 0 126.078995 3.248080
add_point 1 128.026276 2.584877
add_point 1 138.000000 0.000000
add_point 0 154.964920 3.941264
add_point 1 158.038071 5.198464
add_point 1 160.750000 5.750000
add_point 0 163.964050 5.349845
add_point 1 167.077972 4.300467
add_point 1 185.000000 0.000000
add_point 0 193.084549 2.175443
add_point 1 195.229370 3.022086
add_point 1 197.500000 3.500000
add_point 0 199.688217 3.163197
add_point 1 202.044708 2.344776
add_point 0 211.000000 0.000000
add_point 1 221.227692 -0.000016
add_gradient 587.591431 458.280487 318.244904 458.377014
add_point 0 0.000000 0.000009
add_point 1 2.000000 0.000000
add_point 0 11.179241 1.979805
add_point 1 13.817944 2.770005
add_point 1 16.000000 3.250000
add_point 0 18.135820 2.939333
add_point 1 20.153652 2.247908
add_point 0 28.500000 0.000000
add_point 1 40.000000 0.000000
add_point 0 48.053482 3.283166
add_point 1 50.113907 4.355381
add_point 1 52.500000 5.000000
add_point 0 55.501907 4.594848
add_point 1 58.854439 3.716804
add_point 1 69.033699 1.125287
add_point 0 76.442116 0.000037
add_point 1 94.000000 0.000000
add_point 0 101.975594 1.982258
add_point 1 104.999138 2.988121
add_point 1 107.000000 3.500000
add_point 0 109.443245 3.340356
add_point 1 113.820946 2.454680
add_point 1 121.229362 1.195650
add_point 1 126.617302 1.047044
add_point 1 131.331757 1.541977
add_point 0 139.413666 3.422344
add_point 1 141.770889 4.133276
add_point 1 143.791367 4.589918
add_point 0 146.485336 4.427520
add_point 1 152.546768 3.098225
add_point 1 156.250977 2.399466
add_point 1 161.975662 1.959428
add_point 1 165.006378 2.140137
add_point 0 173.088287 4.011304
add_point 1 177.750000 5.250000
add_point 1 180.500000 5.750000
add_point 0 183.500000 5.500000
add_point 1 188.241867 4.346090
add_point 1 198.007507 1.981131
add_point 1 204.068939 1.865861
add_point 0 212.150848 3.393863
add_point 1 215.181564 4.233295
add_point 0 220.232758 4.309052
add_point 1 223.936966 3.288851
add_point 1 230.671890 1.468130
add_point 1 236.059830 0.567088
add_point 1 241.784515 0.778157
add_point 0 249.192932 2.414805
add_point 1 251.886902 3.154312
add_point 1 253.570633 3.472087
add_point 0 256.264618 3.223806
add_point 1 259.295471 2.343969
add_point 1 264.346893 0.856728
add_point 0 269.000000 0.000000
add_point 1 269.346558 0.009671
add_gradient 588.184570 437.852386 621.486206 471.266693
add_point 0 0.000000 0.000000
add_point 1 27.000000 0.000000
add_point 0 32.981548 2.630234
add_point 0 35.000000 4.000000
add_point 1 37.500000 4.000000
add_point 0 44.500000 0.000000
add_point 0 47.175362 0.000000
add_gradient 321.835938 500.038940 353.694000 500.094910
add_point 0 0.000000 0.000000
add_point 1 0.500000 0.000000
add_point 1 13.162408 1.808787
add_point 1 15.500000 2.000000
add_point 1 17.847162 1.865230
add_point 0 31.000000 0.000000
add_point 0 31.858103 0.000000
add_gradient 327.578003 479.622955 280.802185 479.622925
add_point 0 0.000000 0.000000
add_point 1 22.500000 0.000000
add_point 0 32.633945 5.133221
add_point 0 34.500000 6.500000
add_point 1 37.000000 6.500000
add_point 0 38.467251 5.886469
add_point 1 39.744408 4.609313
add_point 0 45.000000 0.000000
add_point 0 46.775818 0.000000
add_gradient 327.291962 419.584381 416.373596 419.584351
add_point 0 0.000000 0.000000
add_point 1 3.000000 0.000000
add_point 0 9.594442 1.432340
add_point 1 12.871412 2.496264
add_point 1 15.000000 3.000000
add_point 0 17.335083 2.730577
add_point 1 19.844435 2.022352
add_point 0 29.000000 0.000000
add_point 1 39.000000 0.000000
add_point 0 45.613071 2.610718
add_point 1 49.032997 4.619139
add_point 1 52.000000 5.500000
add_point 0 55.139397 5.078116
add_point 1 60.074993 3.697603
add_point 0 79.500000 0.000000
add_point 1 89.081635 0.000000
add_gradient 587.180786 539.929565 485.586395 539.991455
add_point 0 0.000000 0.000009
add_point 1 3.367500 0.000009
add_point 0 8.630372 1.040526
add_point 1 11.334877 1.825508
add_point 1 14.000000 2.375000
add_point 0 16.333744 2.194686
add_point 1 18.928146 1.579180
add_point 1 28.500000 0.000000
add_point 0 39.437965 2.456674
add_point 1 46.562099 4.931163
add_point 1 50.250000 5.750000
add_point 0 53.925697 5.350229
add_point 1 57.636272 4.104121
add_point 1 70.084641 1.645563
add_point 0 80.062424 2.284140
add_point 1 84.914421 3.140437
add_point 1 87.500000 3.500000
add_point 0 90.033829 3.059834
add_point 1 93.049568 1.999464
add_point 0 100.500000 0.000000
add_point 1 101.594406 0.000009
add_gradient 579.382141 519.829041 628.472839 519.908875
add_point 0 0.000000 0.000000
add_point 1 22.000000 0.000000
add_point 0 32.744549 4.733720
add_point 0 34.500000 6.250000
add_point 1 37.500000 6.250000
add_point 0 39.349918 5.608394
add_point 1 41.145916 3.991994
add_point 0 46.250000 0.000000
add_point 0 49.090763 0.000000
add_gradient 545.738831 398.782715 592.231995 398.811096
add_point 0 0.000000 0.000000
add_point 1 19.500000 0.000000
add_point 0 32.409111 5.300799
add_point 0 34.000000 6.500000
add_point 1 36.500000 6.500000
add_point 0 46.000000 0.000000
add_point 0 46.493172 0.000000
add_gradient 550.241943 379.017761 484.907379 379.017700
add_point 0 0.000000 0.000000
add_point 1 2.500000 0.000000
add_point 1 11.913649 1.387246
add_point 1 13.500000 1.500000
add_point 1 15.465738 1.307424
add_point 1 23.000000 0.000000
add_point 1 30.780811 2.341671
add_point 1 32.500000 2.500000
add_point 1 34.312943 2.301760
add_point 1 41.000000 0.000000
add_point 1 49.718655 1.403823
add_point 1 51.500000 1.500000
add_point 1 53.450344 1.383867
add_point 0 61.000000 0.000000
add_point 0 65.334564 0.000000
add_gradient 479.047089 379.125092 366.039398 379.091644
add_point 0 0.000000 0.000000
add_point 1 5.000000 0.000000
add_point 0 18.091888 5.763366
add_point 0 19.500000 7.000000
add_point 1 21.000000 7.000000
add_point 0 32.000000 0.000000
add_point 1 61.000000 0.000000
add_point 0 75.093529 5.180101
add_point 1 78.791115 7.234735
add_point 1 82.750000 8.625000
add_point 0 86.573784 8.252468
add_point 1 90.671631 6.760450
add_point 0 111.000000 0.000000
add_point 0 113.007698 0.000000
add_gradient 101.938316 382.109772 245.135529 238.926605
add_point 0 0.000000 0.000000
add_point 0 2.187500 0.000000
add_point 1 7.000000 0.000000
add_point 1 14.917312 1.182215
add_point 1 17.500000 1.250000
add_point 1 25.250000 0.000000
add_point 1 32.500000 2.000000
add_point 1 35.000000 2.062500
add_point 1 43.500000 0.125000
add_point 1 50.000000 2.250000
add_point 1 52.500000 2.312500
add_point 1 60.000000 0.000000
add_point 1 67.500000 2.375000
add_point 1 70.000000 2.437500
add_point 1 77.000000 0.000000
add_point 1 85.000000 2.375000
add_point 1 87.500000 2.437500
add_point 1 95.000000 0.000000
add_point 1 102.500000 2.375000
add_point 1 105.000000 2.437500
add_point 1 112.500000 0.000000
add_point 1 120.000000 2.375000
add_point 1 122.500000 2.437500
add_point 1 130.000000 0.000000
add_point 1 137.500000 2.375000
add_point 1 140.000000 2.437500
add_point 1 147.500000 0.000000
add_point 1 155.000000 2.375000
add_point 1 157.500000 2.437500
add_point 1 165.000000 0.000000
add_point 1 172.500000 2.000000
add_point 1 175.000000 2.000000
add_point 0 183.750000 0.000000
add_point 0 199.750000 0.000000
add_point 0 202.501511 0.000000
add_gradient 360.266083 500.094757 545.237549 500.099854
add_point 0 0.000000 0.000000
add_point 1 7.500000 0.000000
add_point 1 15.333783 1.237923
add_point 1 17.937500 1.250000
add_point 1 25.000000 0.000000
add_point 1 32.500000 2.000000
add_point 1 35.125000 2.062500
add_point 1 43.750000 0.000000
add_point 1 52.500000 2.187500
add_point 1 55.000000 2.250000
add_point 1 62.500000 0.000000
add_point 1 70.000000 2.187500
add_point 1 72.500000 2.250000
add_point 1 80.000000 0.000000
add_point 1 87.500000 2.187500
add_point 1 90.000000 2.250000
add_point 1 97.500000 0.000000
add_point 1 105.000000 2.187500
add_point 1 107.500000 2.250000
add_point 1 115.000000 0.000000
add_point 1 122.500000 2.187500
add_point 1 125.000000 2.250000
add_point 1 132.500000 0.000000
add_point 1 140.000000 2.187500
add_point 1 142.500000 2.250000
add_point 1 150.000000 0.000000
add_point 1 157.500000 2.187500
add_point 1 160.000000 2.250000
add_point 1 167.500000 0.000000
add_point 1 175.000000 1.937500
add_point 1 177.500000 2.000000
add_point 0 184.500000 0.000000
add_point 0 184.971466 0.000000
add_gradient 316.096161 139.369659 227.174225 196.841660
add_point 0 0.000000 0.000000
add_point 1 3.000000 0.000000
add_point 1 47.000000 -5.000000
add_point 0 98.000000 0.000000
add_point 0 105.877953 0.000000
add_gradient 302.458862 192.081070 266.757904 130.421631
add_point 0 0.000000 0.000000
add_point 1 51.500000 0.000000
add_point 0 59.883377 1.272256
add_point 1 61.393223 1.850795
add_point 1 63.509830 1.977792
add_point 0 69.500000 0.000000
add_point 0 71.249176 0.000000
add_gradient 66.239441 267.561493 115.370453 218.430908
add_point 0 0.000000 0.200126
add_point 0 69.481422 0.000000
add_gradient 112.873955 218.633606 114.024162 219.777542
add_point 0 0.000000 0.000000
add_point 0 1.622211 0.000000
add_gradient 92.111023 371.712524 223.298523 240.361298
add_point 0 0.000000 0.000000
add_point 0 185.642944 0.000000
