startinggate:
[134.179993 0.000000 503.929993] -0.786664 @os2022bgsxobj/statue/gates/gate.jm @os2022bgsxobj/statue/gates/gate-red.png @os2022bgsxobj/statue/gates/gate.shp
[137.004852 0.000000 506.761993] -0.786664 @os2022bgsxobj/statue/gates/gate.jm @os2022bgsxobj/statue/gates/gate-black.png @os2022bgsxobj/statue/gates/gate.shp
[139.829697 0.000000 509.593994] -0.786664 @os2022bgsxobj/statue/gates/gate.jm @os2022bgsxobj/statue/gates/gate-red.png @os2022bgsxobj/statue/gates/gate.shp
[142.654541 0.000000 512.426025] -0.786664 @os2022bgsxobj/statue/gates/gate.jm @os2022bgsxobj/statue/gates/gate-black.png @os2022bgsxobj/statue/gates/gate.shp
[145.479385 0.000000 515.257996] -0.786664 @os2022bgsxobj/statue/gates/gate.jm @os2022bgsxobj/statue/gates/gate-red.png @os2022bgsxobj/statue/gates/gate.shp
[148.304230 0.000000 518.090027] -0.786664 @os2022bgsxobj/statue/gates/gate.jm @os2022bgsxobj/statue/gates/gate-black.png @os2022bgsxobj/statue/gates/gate.shp
[151.129074 0.000000 520.921997] -0.786664 @os2022bgsxobj/statue/gates/gate.jm @os2022bgsxobj/statue/gates/gate-red.png @os2022bgsxobj/statue/gates/gate.shp
[153.953918 0.000000 523.754028] -0.786664 @os2022bgsxobj/statue/gates/gate.jm @os2022bgsxobj/statue/gates/gate-black.png @os2022bgsxobj/statue/gates/gate.shp
[156.778763 0.000000 526.586060] -0.786664 @os2022bgsxobj/statue/gates/gate.jm @os2022bgsxobj/statue/gates/gate-red.png @os2022bgsxobj/statue/gates/gate.shp
[159.603607 0.000000 529.418030] -0.786664 @os2022bgsxobj/statue/gates/gate.jm @os2022bgsxobj/statue/gates/gate-black.png @os2022bgsxobj/statue/gates/gate.shp
[162.428452 0.000000 532.250061] -0.786664 @os2022bgsxobj/statue/gates/gate.jm @os2022bgsxobj/statue/gates/gate-red.png @os2022bgsxobj/statue/gates/gate.shp
[168.078156 0.000000 537.914062] -0.786664 @os2022bgsxobj/statue/gates/gate.jm @os2022bgsxobj/statue/gates/gate-black.png @os2022bgsxobj/statue/gates/gate.shp
[170.903000 0.000000 540.746033] -0.786664 @os2022bgsxobj/statue/gates/gate.jm @os2022bgsxobj/statue/gates/gate-red.png @os2022bgsxobj/statue/gates/gate.shp
[173.727844 0.000000 543.578064] -0.786664 @os2022bgsxobj/statue/gates/gate.jm @os2022bgsxobj/statue/gates/gate-black.png @os2022bgsxobj/statue/gates/gate.shp
[176.552689 0.000000 546.410034] -0.786664 @os2022bgsxobj/statue/gates/gate.jm @os2022bgsxobj/statue/gates/gate-red.png @os2022bgsxobj/statue/gates/gate.shp
[179.377533 0.000000 549.242065] -0.786664 @os2022bgsxobj/statue/gates/gate.jm @os2022bgsxobj/statue/gates/gate-black.png @os2022bgsxobj/statue/gates/gate.shp
[182.202377 0.000000 552.074097] -0.786664 @os2022bgsxobj/statue/gates/gate.jm @os2022bgsxobj/statue/gates/gate-red.png @os2022bgsxobj/statue/gates/gate.shp
[185.027222 0.000000 554.906067] -0.786664 @os2022bgsxobj/statue/gates/gate.jm @os2022bgsxobj/statue/gates/gate-black.png @os2022bgsxobj/statue/gates/gate.shp
[187.852066 0.000000 557.738098] -0.786664 @os2022bgsxobj/statue/gates/gate.jm @os2022bgsxobj/statue/gates/gate-red.png @os2022bgsxobj/statue/gates/gate.shp
[190.676910 0.000000 560.570068] -0.786664 @os2022bgsxobj/statue/gates/gate.jm @os2022bgsxobj/statue/gates/gate-black.png @os2022bgsxobj/statue/gates/gate.shp
[193.501755 0.000000 563.402100] -0.786664 @os2022bgsxobj/statue/gates/gate.jm @os2022bgsxobj/statue/gates/gate-red.png @os2022bgsxobj/statue/gates/gate.shp
[196.326599 0.000000 566.234070] -0.786664 @os2022bgsxobj/statue/gates/gate.jm @os2022bgsxobj/statue/gates/gate-black.png @os2022bgsxobj/statue/gates/gate.shp
checkpoints:
24.434481 [348.704346 0.000000 346.996399] [16.124084 0.000000 -18.359131]
21.395485 [366.286316 0.000000 277.726471] [-15.405701 0.000000 -14.846924]
14.675597 [314.835114 0.000000 283.373749] [-10.297089 0.000000 10.456726]
16.046053 [257.798279 0.000000 339.942230] [-11.175674 0.000000 11.514343]
14.765030 [172.543076 0.000000 426.158966] [-10.250275 0.000000 10.627228]
17.406088 [130.947800 0.000000 469.915955] [-15.239563 0.000000 8.409973]
15.521871 [127.330444 0.000000 412.724274] [11.015457 0.000000 -10.935638]
15.350894 [194.443695 0.000000 346.534912] [10.880463 0.000000 -10.828918]
14.675141 [271.143036 0.000000 269.617310] [10.376892 0.000000 -10.376892]
15.128363 [344.670776 0.000000 224.096161] [15.126678 0.000000 -0.225769]
16.079769 [408.853668 0.000000 225.557220] [14.687286 0.000000 6.545425]
14.902613 [454.574646 0.000000 269.059509] [10.376892 0.000000 10.696167]
17.241598 [505.269318 0.000000 323.433502] [12.191650 0.000000 12.191650]
15.325851 [544.101990 0.000000 305.936249] [0.000000 0.000000 -15.325851]
15.325867 [543.412659 0.000000 226.577362] [0.000000 0.000000 -15.325867]
15.691507 [493.939941 0.000000 143.424225] [-15.691101 0.000000 -0.112885]
14.900909 [387.549011 0.000000 143.116318] [-14.900909 0.000000 0.000000]
17.386600 [288.899994 0.000000 141.116791] [-16.819977 0.000000 4.402527]
15.149781 [217.270554 0.000000 209.536530] [-10.771622 0.000000 10.653076]
14.761744 [177.682617 0.000000 249.075790] [-10.395309 0.000000 10.480774]
15.193553 [114.365761 0.000000 312.096954] [-10.707512 0.000000 10.779297]
19.081697 [60.545006 0.000000 359.254120] [-13.207626 0.000000 13.772064]
15.804812 [110.724709 0.000000 372.814819] [11.175690 0.000000 -11.175690]
14.916300 [182.732605 0.000000 301.542328] [10.057602 0.000000 -11.015472]
14.527648 [254.790176 0.000000 229.280289] [10.272598 0.000000 -10.272598]
17.194227 [297.966431 0.000000 184.176346] [15.803986 0.000000 -6.773148]
15.014218 [369.076630 0.000000 183.615265] [15.013794 0.000000 -0.112885]
14.208374 [479.440887 0.000000 183.378281] [14.208374 0.000000 0.000000]
16.368858 [560.250061 0.000000 183.143127] [16.368469 0.000000 0.112885]
18.346292 [607.391479 0.000000 187.333420] [11.893555 0.000000 13.968887]
15.326698 [609.626404 0.000000 233.390854] [0.159668 0.000000 15.325867]
14.901337 [609.500244 0.000000 368.390411] [-0.112854 0.000000 14.900909]
15.578626 [611.052429 0.000000 434.039062] [0.112915 0.000000 15.578217]
14.562694 [571.932434 0.000000 459.341217] [-14.562256 0.000000 -0.112885]
14.368899 [480.708710 0.000000 459.179199] [-14.368011 0.000000 -0.159668]
15.093002 [345.122864 0.000000 459.213043] [-15.092987 0.000000 -0.020966]
14.788025 [337.446655 0.000000 500.077667] [14.788025 0.000000 0.000000]
14.574437 [413.848724 0.000000 499.939362] [14.574371 0.000000 -0.044037]
14.755921 [502.157410 0.000000 499.819305] [14.755920 0.000000 0.007202]
14.338264 [564.039795 0.000000 500.039612] [14.336487 0.000000 0.225769]
14.564006 [573.450806 0.000000 540.235718] [-14.562256 0.000000 -0.225769]
15.086395 [451.163757 0.000000 539.926880] [-15.086395 0.000000 0.000000]
14.449341 [314.693665 0.000000 539.915161] [-14.449341 0.000000 0.000000]
15.081542 [270.251160 0.000000 511.788727] [-9.030853 0.000000 -12.078766]
16.363756 [281.540100 0.000000 442.665283] [11.514343 0.000000 -11.627228]
14.527868 [342.296173 0.000000 419.230591] [14.527649 0.000000 0.079834]
15.013794 [449.301300 0.000000 419.346771] [15.013794 0.000000 0.000000]
15.239981 [553.119080 0.000000 420.238800] [15.239563 0.000000 0.112885]
14.767305 [537.355652 0.000000 378.340759] [-14.767090 0.000000 0.079834]
14.675249 [459.621765 0.000000 379.072235] [-14.675140 0.000000 -0.056458]
firstlap:
0 1 2 3 4 5 6 7 8 9 10 11 12 13 14 15 16 17 18 19 20 21 22 23 24 25 26 27 28 29 30 31 32 33 34 35 36 37 38 39 40 41 42 43 44 45 46 47 48 49 
normallap:
0 1 2 3 4 5 6 7 8 9 10 11 12 13 14 15 16 17 18 19 20 21 22 23 24 25 26 27 28 29 30 31 32 33 34 35 36 37 38 39 40 41 42 43 44 45 46 47 48 49 
