[139.061584 8 508.259674] 10.000000 1.000000 @os2022bgsxobj/js/pyro/startflames.seq
[157.570633 8 526.438782] 10.000000 1.000000 @os2022bgsxobj/js/pyro/startflames.seq
[183.527725 8 552.146057] 10.000000 1.000000 @os2022bgsxobj/js/pyro/startflames.seq
[173.965500 8 542.969482] 10.000000 1.000000 @os2022bgsxobj/js/pyro/startflames2.seq
[192.591629 8 560.805420] 10.000000 1.000000 @os2022bgsxobj/js/pyro/startflames2.seq
[148.171310 8 517.231018] 10.000000 1.000000 @os2022bgsxobj/js/pyro/startflames2.seq
[315.363922 7.250000 283.171173] 25.000000 0.500000 @os2022bgsxobj/js/pyro/holeshotflames.seq
[323.246948 7.250000 291.764801] 25.000000 0.500000 @os2022bgsxobj/js/pyro/holeshotflames.seq
[459.547089 20.500000 361.974976] 45.000000 1.000000 @os2022bgsxobj/js/pyro/finishflames.seq
[459.601410 20.500000 395.998230] 45.000000 1.000000 @os2022bgsxobj/js/pyro/finishflames2.seq
[139.061584 7.250000 508.259674] 35.000000 0.750000 @os2022bgsxobj/js/pyro/holeshotflames.seq
[157.570633 7.250000 526.438782] 35.000000 0.750000 @os2022bgsxobj/js/pyro/holeshotflames.seq
[183.527725 7.25000 552.146057] 35.000000 0.750000 @os2022bgsxobj/js/pyro/holeshotflames.seq
[173.965500 7.250000 542.969482] 35.000000 0.750000 @os2022bgsxobj/js/pyro/holeshotflames.seq
[192.591629 7.250000 560.805420] 35.000000 0.750000 @os2022bgsxobj/js/pyro/holeshotflames.seq
[148.171310 7.250000 517.231018] 35.000000 0.750000 @os2022bgsxobj/js/pyro/holeshotflames.seq
[493.053284 10.000000 578.051208] 45.000000 1.000000 @os2022bgsxobj/billboards/flare.png
[488.029877 10.000000 578.389893] 45.000000 1.000000 @os2022bgsxobj/billboards/flare.png
[482.780670 10.000000 577.825439] 45.000000 1.000000 @os2022bgsxobj/billboards/flare.png
[498.076691 10.000000 577.881897] 45.000000 1.000000 @os2022bgsxobj/billboards/flare.png
[637.604309 10.000000 559.630249] 45.000000 1.000000 @os2022bgsxobj/billboards/flare.png
[634.291687 10.000000 563.322021] 45.000000 1.000000 @os2022bgsxobj/billboards/flare.png
[641.355957 10.000000 555.918518] 45.000000 1.000000 @os2022bgsxobj/billboards/flare.png
[629.961304 10.000000 566.574768] 45.000000 1.000000 @os2022bgsxobj/billboards/flare.png
[646.377625 10.000000 483.312744] 45.000000 1.000000 @os2022bgsxobj/billboards/flare.png
[646.434021 10.000000 488.759491] 45.000000 1.000000 @os2022bgsxobj/billboards/flare.png
[646.857361 10.000000 493.698242] 45.000000 1.000000 @os2022bgsxobj/billboards/flare.png
[646.208313 10.000000 499.145020] 45.000000 1.000000 @os2022bgsxobj/billboards/flare.png
[340.851898 10.000000 576.293152] 45.000000 1.000000 @os2022bgsxobj/billboards/flare.png
[335.683411 10.000000 576.452759] 45.000000 1.000000 @os2022bgsxobj/billboards/flare.png
[330.514923 10.000000 576.871826] 45.000000 1.000000 @os2022bgsxobj/billboards/flare.png
[325.266602 10.000000 576.313110] 45.000000 1.000000 @os2022bgsxobj/billboards/flare.png
[194.532990 10.000000 598.944031] 45.000000 1.000000 @os2022bgsxobj/billboards/flare.png
[189.424911 10.000000 599.085083] 45.000000 1.000000 @os2022bgsxobj/billboards/flare.png
[184.373276 10.000000 599.508423] 45.000000 1.000000 @os2022bgsxobj/billboards/flare.png
[179.124100 10.000000 598.746460] 45.000000 1.000000 @os2022bgsxobj/billboards/flare.png
[485.323486 10.000000 349.441772] 45.000000 1.000000 @os2022bgsxobj/billboards/flare.png
[489.813477 10.000000 352.774353] 45.000000 1.000000 @os2022bgsxobj/billboards/flare.png
[494.163849 10.000000 354.949554] 45.000000 1.000000 @os2022bgsxobj/billboards/flare.png
[498.773590 10.000000 357.503876] 45.000000 1.000000 @os2022bgsxobj/billboards/flare.png
[432.704193 10.000000 338.289642] 45.000000 1.000000 @os2022bgsxobj/billboards/flare.png
[427.316193 10.000000 338.010254] 45.000000 1.000000 @os2022bgsxobj/billboards/flare.png
[422.287354 10.000000 338.728760] 45.000000 1.000000 @os2022bgsxobj/billboards/flare.png
[417.158783 10.000000 339.167877] 45.000000 1.000000 @os2022bgsxobj/billboards/flare.png
[396.421600 10.000000 264.145111] 45.000000 1.000000 @os2022bgsxobj/billboards/flare.png
[392.929382 10.000000 260.114075] 45.000000 1.000000 @os2022bgsxobj/billboards/flare.png
[388.958221 10.000000 256.801453] 45.000000 1.000000 @os2022bgsxobj/billboards/flare.png
[385.146698 10.000000 253.369095] 45.000000 1.000000 @os2022bgsxobj/billboards/flare.png
[455.174347 10.000000 209.718430] 45.000000 1.000000 @os2022bgsxobj/billboards/flare.png
[449.911041 10.000000 210.833176] 45.000000 1.000000 @os2022bgsxobj/billboards/flare.png
[445.452026 10.000000 212.822784] 45.000000 1.000000 @os2022bgsxobj/billboards/flare.png
[440.485077 10.000000 214.643066] 45.000000 1.000000 @os2022bgsxobj/billboards/flare.png
[650.368042 10.000000 351.932495] 45.000000 1.000000 @os2022bgsxobj/billboards/flare.png
[650.507446 10.000000 357.226257] 45.000000 1.000000 @os2022bgsxobj/billboards/flare.png
[650.906555 10.000000 362.294983] 45.000000 1.000000 @os2022bgsxobj/billboards/flare.png
[650.367798 10.000000 367.742889] 45.000000 1.000000 @os2022bgsxobj/billboards/flare.png
[108.783493 10.000000 525.791321] 45.000000 1.000000 @os2022bgsxobj/billboards/flare.png
[105.111664 10.000000 521.720398] 45.000000 1.000000 @os2022bgsxobj/billboards/flare.png
[101.439842 10.000000 518.048523] 45.000000 1.000000 @os2022bgsxobj/billboards/flare.png
[98.446510 10.000000 513.897766] 45.000000 1.000000 @os2022bgsxobj/billboards/flare.png
[42.466679 10.000000 453.730316] 45.000000 1.000000 @os2022bgsxobj/billboards/flare.png
[39.233879 10.000000 449.459839] 45.000000 1.000000 @os2022bgsxobj/billboards/flare.png
[35.881348 10.000000 445.628357] 45.000000 1.000000 @os2022bgsxobj/billboards/flare.png
[33.207302 10.000000 440.799133] 45.000000 1.000000 @os2022bgsxobj/billboards/flare.png
[17.633978 10.000000 391.428223] 45.000000 1.000000 @os2022bgsxobj/billboards/flare.png
[16.730892 10.000000 385.840393] 45.000000 1.000000 @os2022bgsxobj/billboards/flare.png
[15.489150 10.000000 381.014526] 45.000000 1.000000 @os2022bgsxobj/billboards/flare.png
[15.263378 10.000000 375.652466] 45.000000 1.000000 @os2022bgsxobj/billboards/flare.png
[68.907379 10.000000 290.244720] 45.000000 1.000000 @os2022bgsxobj/billboards/flare.png
[64.730614 10.000000 293.603058] 45.000000 1.000000 @os2022bgsxobj/billboards/flare.png
[61.428730 10.000000 297.356567] 45.000000 1.000000 @os2022bgsxobj/billboards/flare.png
[57.703518 10.000000 301.166473] 45.000000 1.000000 @os2022bgsxobj/billboards/flare.png
[133.035187 10.000000 197.610794] 45.000000 1.000000 @os2022bgsxobj/billboards/flare.png
[128.830200 10.000000 200.884476] 45.000000 1.000000 @os2022bgsxobj/billboards/flare.png
[125.443573 10.000000 204.835464] 45.000000 1.000000 @os2022bgsxobj/billboards/flare.png
[121.944115 10.000000 208.419586] 45.000000 1.000000 @os2022bgsxobj/billboards/flare.png
[278.836182 10.000000 104.879768] 45.000000 1.000000 @os2022bgsxobj/billboards/flare.png
[273.847290 10.000000 106.655807] 45.000000 1.000000 @os2022bgsxobj/billboards/flare.png
[269.317383 10.000000 109.110336] 45.000000 1.000000 @os2022bgsxobj/billboards/flare.png
[264.587921 10.000000 111.325401] 45.000000 1.000000 @os2022bgsxobj/billboards/flare.png
[357.316956 10.000000 91.222389] 45.000000 1.000000 @os2022bgsxobj/billboards/flare.png
[351.644440 10.000000 90.629745] 45.000000 1.000000 @os2022bgsxobj/billboards/flare.png
[346.733917 10.000000 91.137726] 45.000000 1.000000 @os2022bgsxobj/billboards/flare.png
[341.541168 10.000000 91.391724] 45.000000 1.000000 @os2022bgsxobj/billboards/flare.png
[458.355499 10.000000 89.285179] 45.000000 1.000000 @os2022bgsxobj/billboards/flare.png
[452.908752 10.000000 88.777191] 45.000000 1.000000 @os2022bgsxobj/billboards/flare.png
[447.857117 10.000000 89.200516] 45.000000 1.000000 @os2022bgsxobj/billboards/flare.png
[442.636169 10.000000 89.341621] 45.000000 1.000000 @os2022bgsxobj/billboards/flare.png
[555.515930 10.000000 94.800926] 45.000000 1.000000 @os2022bgsxobj/billboards/flare.png
[560.680420 10.000000 95.619347] 45.000000 1.000000 @os2022bgsxobj/billboards/flare.png
[565.562744 10.000000 96.268440] 45.000000 1.000000 @os2022bgsxobj/billboards/flare.png
[570.642578 10.000000 97.933502] 45.000000 1.000000 @os2022bgsxobj/billboards/flare.png
[638.856567 10.000000 142.173996] 45.000000 1.000000 @os2022bgsxobj/billboards/flare.png
[635.703552 10.000000 137.863586] 45.000000 1.000000 @os2022bgsxobj/billboards/flare.png
[632.111572 10.000000 134.391327] 45.000000 1.000000 @os2022bgsxobj/billboards/flare.png
[628.639282 10.000000 130.480026] 45.000000 1.000000 @os2022bgsxobj/billboards/flare.png
[649.463196 10.000000 211.190140] 45.000000 1.000000 @os2022bgsxobj/billboards/flare.png
[649.519470 10.000000 216.693375] 45.000000 1.000000 @os2022bgsxobj/billboards/flare.png
[649.914490 10.000000 221.575699] 45.000000 1.000000 @os2022bgsxobj/billboards/flare.png
[649.406372 10.000000 227.135361] 45.000000 1.000000 @os2022bgsxobj/billboards/flare.png
[221.729248 10.000000 143.660248] 45.000000 1.000000 @os2022bgsxobj/billboards/flare.png
[217.538574 10.000000 147.012802] 45.000000 1.000000 @os2022bgsxobj/billboards/flare.png
[214.405563 10.000000 150.764435] 45.000000 1.000000 @os2022bgsxobj/billboards/flare.png
[210.614044 10.000000 154.575928] 45.000000 1.000000 @os2022bgsxobj/billboards/flare.png
